6 0 0 7
1 0 0 5
4 0 0 4
1 0 0 3
4 0 0 5
1 0 0 0
4 0 0 6
3 0 0 4
3 1 0 5
11 0 0 1
4 0 0 6
3 0 0 6
9 0 0 1
3 0 0 4
3 1 0 5
12 0 0 1
4 0 0 6
3 0 0 6
9 0 0 1
3 0 0 4
3 1 0 5
13 0 0 1
4 0 0 6
3 0 0 6
9 0 0 1
3 0 0 4
3 1 0 5
14 0 0 1
4 0 0 6
3 0 0 6
9 0 0 1
1 0 0 4
1 1 0 4
11 0 0 1
3 1 0 5
13 0 0 1
4 0 0 6
3 0 0 6
9 0 0 1
3 0 0 4
3 1 0 4
13 0 0 1
1 1 0 1
11 0 0 1
4 0 0 4
3 0 0 4
9 0 0 1
1 0 0 9
3 1 0 6
3 2 0 5
11 1 1 2
13 0 0 1
4 0 0 4
3 0 0 4
9 0 0 1
3 0 0 4
1 1 0 9
14 0 0 1
4 0 0 4
3 0 0 4
9 0 0 1
3 0 0 5
1 1 0 3
1 2 0 4
11 1 1 2
1 2 0 5
11 1 1 2
13 0 0 1
1 1 0 2
14 0 0 1
4 0 0 4
3 0 0 4
9 0 0 1
9 0 0 3
